+91 7397 537 107
+91 87079 52771
+91 74419 42268
+91 65188 29728
+91 88475 59945
+91 80797 07619
+91 61279 56992
+91 61279 92388
+91 61279 14174
+91 65103 86695
+91 61291 79911
+91 61279 01652
+91 88492 22117
+91 61279 79863
+91 72879 45101
+91 61279 97065
+91 67195 10798
+91 788 739 9834
+91 61279 30129
+91 88473 26045
+91 788 707 3244
+91 88473 75466
+91 89199 88891
+91 61215 24810
+91 788 708 5537
+91 61279 88533
+91 61279 04973
+91 60013 74731
+91 65784 85889
+91 61279 00753
+91 61279 27723
+91 61279 01228
+91 67108 87725
+91 61279 76838
+91 70908 13390
+91 61279 96610
+91 61279 34149
+91 89123 39377
+91 88492 98430
+91 61279 15059
+91 69478 85212
+91 66191 09856
+91 61279 05567
+91 61281 17946
+91 82075 37464
+91 80798 89356
+91 80799 10003
+91 61279 17915
+91 61279 97293
+91 61279 93416
+91 61279 66068
+91 67411 56220
+91 67490 36862
+91 87093 71978
+91 64194 86741
+91 74701 43939
+91 76890 04512
+91 74778 90337
+91 61279 37064
+91 61279 97810
+91 89104 66337
+91 61279 05830
+91 62999 67020
+91 61279 47635
+91 63187 16779
+91 81678 20528
+91 62183 33023
+91 79797 78217
+91 80799 78879
+91 80788 11810
+91 61279 61736
+91 61217 11901
+91 61291 17196
+91 71980 84862
+91 61279 85478
+91 86173 21902
+91 79313 85075
+91 68003 32398
+91 61279 24883
+91 83276 66349
+91 61279 94210
+91 73175 86054
+91 88416 84142
+91 73231 06963
+91 61279 92095
+91 83275 49399
+91 63187 50818
+91 61466 91310
+91 61279 22827
+91 87093 51499
+91 88470 05686
+91 89122 99849
+91 61283 84116
+91 61279 34667
+91 61279 25681
+91 61279 13776
+91 65702 54924
+91 61279 80020
+91 72051 31318
+91 79313 87370
+91 74475 96612
+91 61279 79333
+91 79313 85848
+91 87014 47256
+91 61279 86324
+91 61279 33243
+91 60804 71373
+91 63187 69589
+91 61279 32895
+91 61218 78732
+91 82470 84895
+91 61279 64431
+91 61279 91692
+91 61790 29257
+91 74498 39977
+91 72854 44750
+91 79797 65902
+91 88475 00337
+91 61279 13747
+91 61279 64963
+91 61217 64569
+91 73269 28406
+91 71751 21684
+91 79798 47120
+91 93118 83201
+91 61279 75851
+91 61202 98886
+91 88475 65498
+91 61279 11587
+91 74478 93541
+91 89186 01150
+91 788 785 9150
+91 71933 06496
+91 71900 99243
+91 80678 78226
+91 63191 48443
+91 79313 30067
+91 788 798 4861
+91 72837 79026
+91 66181 46528
+91 66310 87540
+91 79790 25642
+91 82104 67594
+91 61279 65924
+91 72891 93530
+91 61279 05592
+91 67849 88155
+91 61279 94961
+91 61279 86766
+91 67489 07993
+91 88477 83211
+91 64107 46188
+91 61279 55425
+91 89198 65497
+91 67401 50391
+91 61279 07542
+91 89175 60760
+91 62913 35739
+91 79790 84823
+91 89185 78243
+91 61279 61405
+91 61279 27005
+91 80798 42181
+91 68015 45082
+91 61279 26610
+91 79313 89862
+91 61279 09190
+91 74470 97625
+91 788 784 3882
+91 61279 16609
+91 61212 94713
+91 80795 02561
+91 75219 59143
+91 89190 65675
+91 87089 95160
+91 73172 51949
+91 61279 13421
+91 82077 80087
+91 89173 00060
+91 61279 05689
+91 64115 24374
+91 61279 67822
+91 61279 00334
+91 74778 21454
+91 89177 00875
+91 79798 25324
+91 61279 58504
+91 61279 45402
+91 61279 55838
+91 74472 02326
+91 788 731 1728
+91 61279 70413
+91 74799 57870
+91 81696 20891
+91 61279 91383
+91 61279 00335
+91 89177 14856
+91 61279 42414
+91 61279 89561
+91 61279 63614
+91 7397 537 107
+91 87079 52771
+91 74419 42268
+91 65188 29728
+91 88475 59945
+91 80797 07619
+91 61279 56992
+91 61279 92388
+91 61279 14174
+91 65103 86695
+91 61291 79911
+91 61279 01652
+91 88492 22117
+91 61279 79863
+91 72879 45101
+91 61279 97065
+91 67195 10798
+91 788 739 9834
+91 61279 30129
+91 88473 26045
+91 788 707 3244
+91 88473 75466
+91 89199 88891
+91 61215 24810
+91 788 708 5537
+91 61279 88533
+91 61279 04973
+91 60013 74731
+91 65784 85889
+91 61279 00753
+91 61279 27723
+91 61279 01228
+91 67108 87725
+91 61279 76838
+91 70908 13390
+91 61279 96610
+91 61279 34149
+91 89123 39377
+91 88492 98430
+91 61279 15059
+91 69478 85212
+91 66191 09856
+91 61279 05567
+91 61281 17946
+91 82075 37464
+91 80798 89356
+91 80799 10003
+91 61279 17915
+91 61279 97293
+91 61279 93416
+91 61279 66068
+91 67411 56220
+91 67490 36862
+91 87093 71978
+91 64194 86741
+91 74701 43939
+91 76890 04512
+91 74778 90337
+91 61279 37064
+91 61279 97810
+91 89104 66337
+91 61279 05830
+91 62999 67020
+91 61279 47635
+91 63187 16779
+91 81678 20528
+91 62183 33023
+91 79797 78217
+91 80799 78879
+91 80788 11810
+91 61279 61736
+91 61217 11901
+91 61291 17196
+91 71980 84862
+91 61279 85478
+91 86173 21902
+91 79313 85075
+91 68003 32398
+91 61279 24883
+91 83276 66349
+91 61279 94210
+91 73175 86054
+91 88416 84142
+91 73231 06963
+91 61279 92095
+91 83275 49399
+91 63187 50818
+91 61466 91310
+91 61279 22827
+91 87093 51499
+91 88470 05686
+91 89122 99849
+91 61283 84116
+91 61279 34667
+91 61279 25681
+91 61279 13776
+91 65702 54924
+91 61279 80020
+91 72051 31318
+91 79313 87370
+91 74475 96612
+91 61279 79333
+91 79313 85848
+91 87014 47256
+91 61279 86324
+91 61279 33243
+91 60804 71373
+91 63187 69589
+91 61279 32895
+91 61218 78732
+91 82470 84895
+91 61279 64431
+91 61279 91692
+91 61790 29257
+91 74498 39977
+91 72854 44750
+91 79797 65902
+91 88475 00337
+91 61279 13747
+91 61279 64963
+91 61217 64569
+91 73269 28406
+91 71751 21684
+91 79798 47120
+91 93118 83201
+91 61279 75851
+91 61202 98886
+91 88475 65498
+91 61279 11587
+91 74478 93541
+91 89186 01150
+91 788 785 9150
+91 71933 06496
+91 71900 99243
+91 80678 78226
+91 63191 48443
+91 79313 30067
+91 788 798 4861
+91 72837 79026
+91 66181 46528
+91 66310 87540
+91 79790 25642
+91 82104 67594
+91 61279 65924
+91 72891 93530
+91 61279 05592
+91 67849 88155
+91 61279 94961
+91 61279 86766
+91 67489 07993
+91 88477 83211
+91 64107 46188
+91 61279 55425
+91 89198 65497
+91 67401 50391
+91 61279 07542
+91 89175 60760
+91 62913 35739
+91 79790 84823
+91 89185 78243
+91 61279 61405
+91 61279 27005
+91 80798 42181
+91 68015 45082
+91 61279 26610
+91 79313 89862
+91 61279 09190
+91 74470 97625
+91 788 784 3882
+91 61279 16609
+91 61212 94713
+91 80795 02561
+91 75219 59143
+91 89190 65675
+91 87089 95160
+91 73172 51949
+91 61279 13421
+91 82077 80087
+91 89173 00060
+91 61279 05689
+91 64115 24374
+91 61279 67822
+91 61279 00334
+91 74778 21454
+91 89177 00875
+91 79798 25324
+91 61279 58504
+91 61279 45402
+91 61279 55838
+91 74472 02326
+91 788 731 1728
+91 61279 70413
+91 74799 57870
+91 81696 20891
+91 61279 91383
+91 61279 00335
+91 89177 14856
+91 61279 42414
+91 61279 89561
+91 61279 63614
+91 66389 71739
+91 61279 90688
+91 61279 15032
+91 61279 93627
+91 61279 15896
+91 61279 09587
+91 89115 84846
+91 73170 82930
+91 65707 92754
+91 79798 33880
+91 61634 20134
+91 89117 65314
+91 61279 66422
+91 82177 48165
+91 61279 35119
+91 61279 37754
+91 79313 47426
+91 71921 86720
+91 90878 04918
+91 72117 39750
+91 61279 14967
+91 61279 87636
+91 61207 78063
+91 87099 26253
+91 61279 26991
+91 61279 55944
+91 61279 45403
+91 74796 94282
+91 80799 38714
+91 61279 36257
+91 80770 71644
+91 61279 03122
+91 68013 56476
+91 61279 24814
+91 79313 59333
+91 61279 23514
+91 69905 20004
+91 72838 89001
+91 74120 63113
+91 79797 14172
+91 61279 76185
+91 61279 88554
+91 788 787 1198
+91 73172 02637
+91 88486 26492
+91 64180 65425
+91 61279 04580
+91 64109 86216
+91 61279 79445
+91 67411 41758
+91 61296 51842
+91 74784 98509
+91 788 792 2929
+91 61279 48655
+91 83274 99959
+91 61279 36552
+91 79797 35614
+91 61279 15468
+91 67480 44800
+91 61888 98360
+91 63114 85001
+91 61299 59429
+91 67418 07839
+91 61279 00074
+91 80120 21279
+91 61279 00517
+91 72837 32512
+91 61279 96291
+91 74053 74828
+91 67108 58255
+91 79799 18483
+91 68000 69123
+91 61279 51898
+91 66300 61838
+91 61279 80461
+91 61279 31249
+91 71951 36386
+91 74401 22917
+91 61279 35213
+91 87019 98319
+91 80700 49383
+91 72861 73199
+91 61279 47798
+91 61279 34259
+91 87017 73953
+91 80731 48253
+91 61279 42953
+91 79790 39785
+91 80783 27799
+91 65718 44083
+91 89173 53511
+91 61279 75573
+91 79313 76294
+91 61279 70264
+91 61279 36464
+91 62339 87647
+91 788 756 4958
+91 79313 18660
+91 75306 27150
+91 61279 92228
+91 66113 99012
+91 79799 05777
+91 61279 89913
+91 64117 22007
+91 79799 85640
+91 61279 69516
+91 61279 93491
+91 61279 07491
+91 64185 17047
+91 72400 20031
+91 67111 96546
+91 79799 61148
+91 61279 45718
+91 80675 43184
+91 61299 01038
+91 61291 06795
+91 64197 05408
+91 88376 99349
+91 788 799 9397
+91 79798 95794
+91 79799 28283
+91 79313 29956
+91 61279 14331
+91 61279 32927
+91 61279 38752
+91 61217 99432
+91 63187 20010
+91 61279 98917
+91 788 705 9501
+91 61279 86143
+91 61279 32483
+91 61279 14156
+91 61279 93835
+91 61279 02889
+91 80783 86201
+91 61279 71447
+91 79798 99525
+91 65783 28205
+91 62199 53187
+91 79798 53794
+91 62549 10026
+91 61279 04966
+91 65188 77773
+91 66194 71824
+91 61279 64683
+91 63545 13553
+91 88400 74947
+91 62990 54383
+91 67103 58010
+91 61279 74177
+91 61279 50068
+91 61279 34540
+91 79799 41812
+91 89176 54439
+91 61279 55030
+91 89172 32584
+91 61295 05437
+91 61279 12689
+91 80794 63497
+91 61279 69234
+91 73371 32095
+91 788 772 7811
+91 74476 21336
+91 89173 16786
+91 61279 48756
+91 80794 88518
+91 61279 89710
+91 61279 99865
+91 61279 23059
+91 79799 07629
+91 87089 46543
+91 80740 55166
+91 71988 79820
+91 62114 25540
+91 61279 55047
+91 81677 90911
+91 81696 97842
+91 61296 96809
+91 61279 32741
+91 79790 99594
+91 83177 14329
+91 61299 94665
+91 73052 28266
+91 61279 94938
+91 61279 58034
+91 61279 53391
+91 80728 28169
+91 80799 96412
+91 79313 30903
+91 61279 08024
+91 80794 80385
+91 61781 52184
+91 79790 12388
+91 80796 35301
+91 61279 27715
+91 61279 00961
+91 83172 57798
+91 68083 58645
+91 70161 11426
+91 72807 45827
+91 73175 40886
+91 61279 08934
+91 61279 44979
+91 82176 06349
+91 61279 17728
+91 91647 49791
+91 788 758 7816
+91 61279 38049
+91 79313 71244
+91 788 735 9829
+91 788 776 1435
+91 89176 59324
+91 89175 26226
+91 61289 71583
+91 62365 23107
+91 61279 19581
+91 788 732 2166
+91 74401 50521
+91 82016 84981
+91 61809 73232
+91 88476 03694
+91 74477 37203
+91 79790 73100
+91 80794 87528
+91 79797 26144
+91 73183 20049
+91 61279 31638
+91 65198 29924
+91 65181 86172
+91 71969 18397
+91 87084 16671
+91 89172 72058
+91 61296 19188
+91 788 744 5573
+91 89172 66592
+91 80795 88676
+91 788 754 7066
+91 89172 83023
+91 61279 52111
+91 61279 30082
+91 61279 39986
+91 61767 01731
+91 88405 10873
+91 61279 84760
+91 67187 12107
+91 61279 54182
+91 788 702 2082
+91 82473 32243
+91 61279 67271
+91 82170 47052
+91 61279 03800
+91 61202 36242
+91 72869 35592
+91 93050 27914
+91 70799 06372
+91 61279 13354
+91 73260 94895
+91 80759 81870
+91 788 745 6886
+91 62628 14846
+91 61279 81100
+91 89175 86431
+91 61279 74755
+91 79797 95213
+91 61219 57401
+91 61279 39878
+91 71943 01323
+91 64112 64316
+91 74778 35804
+91 72856 07419
+91 67480 47255
+91 89177 39122
+91 61201 24174
+91 788 737 2123
+91 61279 25901
+91 88482 83141
+91 83695 01573
+91 61279 37342
+91 61279 42535
+91 61279 45380
+91 69044 77232
+91 61298 39450
+91 87012 16247
+91 80790 48485
+91 61279 95274
+91 61279 83196
+91 61279 68857
+91 61279 11320
+91 788 783 2016
+91 71904 69259
+91 61279 93791
+91 80797 92020
+91 88442 62956
+91 61279 03942
+91 61279 59842
+91 64101 47495
+91 88495 42811
+91 79313 87073
+91 79313 19715
+91 80797 11975
+91 79313 44930
+91 72869 46342
+91 61200 19570
+91 61279 81589
+91 61279 32978
+91 73035 13365
+91 62902 22058
+91 788 741 1945
+91 71969 63794
+91 788 759 2218
+91 84181 67108
+91 61279 71281
+91 63230 07962
+91 89176 36461
+91 71998 25607
+91 65191 41190
+91 61279 54215
+91 64112 20414
+91 95057 11410
+91 61279 56477
+91 79797 77583
+91 73173 50105
+91 88472 58757
+91 61279 47245
+91 89170 19418
+91 89170 73803
+91 81693 73309
+91 80795 94513
+91 68082 62875
+91 80784 67666
+91 61279 36571
+91 80798 00066
+91 80679 44428
+91 788 742 8002
+91 87772 33511
+91 61279 82968
+91 88474 79457
+91 62370 24599
+91 71904 13139
+91 82412 13977
+91 73109 95240
+91 63118 71093
+91 87016 98541
+91 71969 27180
+91 61279 62308
+91 87078 83873
+91 87773 93523
+91 61279 34352
+91 61279 44508
+91 74776 55143
+91 79797 06281
+91 61279 73682
+91 61279 26940
+91 66181 01070
+91 79313 92947
+91 61279 88220
+91 72871 88995
+91 74773 55294
+91 64198 16738
+91 61279 71511
+91 79797 85811
+91 61279 97328
+91 80733 13954
+91 61279 92072
+91 89170 33132
+91 61279 75824
+91 61340 07317
+91 87094 08939
+91 61279 61154
+91 61279 57257
+91 82073 36823
+91 61291 15618
+91 87090 99418
+91 72845 30866
+91 61279 20875
+91 65103 24896
+91 80797 00741
+91 61763 29071
+91 62409 30469
+91 61289 79383
+91 61279 72199
+91 61279 01809
+91 61283 50028
+91 62560 30415
+91 64108 72234
+91 89176 70665
+91 61279 01714
+91 80795 52384
+91 73287 64281
+91 81689 26367
+91 62770 17636
+91 64963 87972
+91 68089 72597
+91 89173 22660
+91 79313 28500
+91 82493 54275
+91 61279 87151
+91 73173 95860
+91 79768 86305
+91 61279 54662
+91 65789 44946
+91 61279 21672
+91 88446 42105
+91 61279 20616
+91 61279 12966
+91 61279 95015
+91 61279 81506
+91 68488 57587
+91 61279 24616
+91 79313 90490
+91 88472 60427
+91 88408 87117
+91 61279 61054
+91 79313 00596
+91 61279 80294
+91 61279 57472
+91 69524 99473
+91 89120 83897
+91 81606 84756
+91 72868 70573
+91 65700 54556
+91 61279 86247
+91 61279 41634
+91 61279 34074
+91 79798 81766
+91 71297 50840
+91 60756 49914
+91 65181 89772
+91 61298 08780
+91 73172 62125
+91 61279 61847
+91 79797 31864
+91 68095 16835
+91 80795 15838
+91 61279 01257
+91 83273 89517
+91 75278 76582
+91 70043 28055
+91 61279 80806
+91 89175 48046
+91 88473 24578
+91 79790 83755
+91 61279 55661
+91 91807 55567
+91 71978 94198
+91 74470 13167
+91 61279 34212
+91 80799 60507
+91 61287 54879
+91 61279 49682
+91 79799 80795
+91 88409 12905
+91 67185 11361
+91 67481 13999
+91 80794 18298
+91 788 740 4832
+91 87018 55388
+91 88477 71783
+91 62656 53804
+91 89192 86488
+91 89178 38808
+91 83674 60579
+91 62106 39721
+91 61279 98191
+91 61288 38446
+91 65711 98636
+91 62218 88034
+91 62117 47090
+91 68095 91855
+91 788 799 6458
+91 61279 78359
+91 788 777 7698
+91 61279 50287
+91 788 738 8301
+91 79313 59807
+91 61279 02006
+91 66305 24086
+91 61279 34689
+91 61279 20569
+91 82190 77297
+91 81844 21198
+91 67491 96945
+91 61279 91085
+91 83678 85391
+91 61218 40191
+91 61279 96138
+91 71296 12971
+91 61036 38753
+91 79799 50101
+91 61279 75100
+91 61279 71319
+91 67499 71799
+91 80795 58652
+91 788 759 1415
+91 88474 09936
+91 788 773 5143
+91 788 701 6248
+91 67241 79738
+91 61279 36882
+91 61279 36855
+91 75289 06413
+91 61279 47809
+91 61279 72821
+91 65718 41412
+91 87718 84885
+91 80794 54200
+91 79799 23741
+91 61279 75367
+91 74472 84227
+91 61279 16333
+91 75264 48560
+91 74408 59348
+91 61279 89166
+91 80665 65397
+91 61279 68859
+91 81674 59334
+91 61279 62661
+91 87098 06089
+91 68015 85869
+91 61211 45590
+91 74783 83286
+91 73173 92807
+91 61279 56048
+91 62187 21517
+91 61279 41483
+91 72102 96203
+91 61290 50721
+91 61296 38610
+91 61279 37639
+91 61279 92725
+91 61279 89564
+91 79790 19832
+91 61287 33667
+91 61279 69238
+91 61647 20128
+91 67119 40995
+91 788 704 9127
+91 788 706 7251
+91 61290 05788
+91 62192 99814
+91 61279 34309
+91 788 787 0319
+91 61279 86830
+91 61279 44026
+91 70371 34604
+91 61441 90818
+91 83272 24430
+91 61279 01150
+91 87010 70860
+91 65794 26738
+91 61279 94849
+91 61279 60659
+91 62658 88322
+91 61279 62396
+91 87080 29994
+91 65104 96124
+91 61279 34327
+91 61279 04377
+91 81675 07939
+91 69265 21784
+91 61279 71267
+91 81697 75969
+91 61279 46788
+91 74477 99723
+91 66185 61328
+91 61294 47704
+91 61279 91291
+91 89174 83835
+91 73105 04954
+91 61279 29032
+91 61279 67566
+91 69174 48469
+91 67418 78860
+91 74919 89360
+91 61279 27810
+91 71818 21837
+91 62360 69971
+91 61279 64401
+91 89175 58316
+91 61279 87272
+91 72103 78880
+91 79798 95863
+91 73199 28676
+91 61206 98998
+91 61279 87578
+91 61627 33964
+91 71960 44660
+91 61279 81177
+91 79790 66226
+91 61279 81304
+91 75826 40216
+91 61285 66718
+91 69184 19140
+91 61279 21471
+91 80797 17427
+91 62187 30944
+91 65712 98504
+91 61279 77109
+91 61279 34877
+91 86173 05819
+91 61279 82180
+91 61279 70318
+91 67102 77245
+91 89178 38817
+91 61279 80891
+91 73714 05518
+91 61296 38495
+91 61705 17092
+91 61279 59524
+91 62119 98724
+91 61279 69495
+91 61279 57448
+91 788 740 5580
+91 65113 37079
+91 80722 10335
+91 80790 54223
+91 61279 54727
+91 61279 37497
+91 61279 38214
+91 79313 55444
+91 72173 07804
+91 89172 89463
+91 74781 88851
+91 61279 02100
+91 61279 07719
+91 80797 06161
+91 61279 27352
+91 61279 14831
+91 61279 47853
+91 87001 20593
+91 788 770 1419
+91 788 735 7532
+91 61279 17904
+91 61200 31580
+91 80790 03224
+91 61279 18741
+91 89177 00065
+91 61279 53999
+91 61279 59790
+91 61279 25636
+91 65107 12350
+91 67401 55999
+91 89172 84912
+91 80790 51587
+91 89178 42375
+91 73006 51547
+91 79313 92253
+91 79313 83426
+91 788 774 2765
+91 79313 15201
+91 79798 34791
+91 87088 50686
+91 65796 11925
+91 88477 07019
+91 788 757 9877
+91 61279 57208
+91 61279 25808
+91 74588 21165
+91 61279 29592
+91 61279 27020
+91 788 784 3463
+91 788 791 5827
+91 96335 73857
+91 89176 39003
+91 61279 87181
+91 80795 38874
+91 61279 56090
+91 88473 82567
+91 61217 67476
+91 61279 51125
+91 61279 07515
+91 61279 85565
+91 788 784 9350
+91 63792 14513
+91 74776 86622
+91 72807 12658
+91 61282 34975
+91 66308 18528
+91 61279 23712
+91 83270 63383
+91 69478 91261
+91 67879 69538
+91 80798 50894
+91 71210 55782
+91 74978 62282
+91 74402 26696
+91 74886 93683
+91 65116 63301
+91 61279 39293
+91 87098 01532
+91 788 776 2361
+91 67102 58448
+91 73251 26276
+91 62106 11833
+91 61279 02350
+91 62108 17318
+91 80970 23878
+91 80794 06401
+91 71911 74016
+91 61279 87876
+91 61279 94328
+91 61287 63489
+91 61279 64249
+91 61279 83750
+91 79790 16449
+91 61297 50349
+91 61203 24200
+91 61279 59610
+91 80743 33566
+91 89176 05025
+91 61279 33711
+91 80672 68139
+91 79313 92248
+91 61279 96029
+91 61279 23680
+91 61279 96794
+91 61279 56955
+91 61279 03892
+91 88477 65090
+91 89174 30987
+91 61279 61395
+91 74777 14811
+91 61279 01769
+91 82478 88854
+91 61279 96238
+91 69543 91437
+91 61279 50598
+91 788 775 0868
+91 74777 39995
+91 79313 84874
+91 61279 71083
+91 79797 54345
+91 82475 83214
+91 61279 98669
+91 61279 86130
+91 71216 72121
+91 80796 64925
+91 61288 80834
+91 788 760 9052
+91 61279 84428
+91 65114 72156
+91 61279 32503
+91 61279 21108
+91 68011 47069
+91 89172 88024
+91 79790 56774
+91 72801 59651
+91 88498 19194
+91 92796 20163
+91 82076 35281
+91 67198 08557
+91 71957 83247
+91 83173 36152
+91 61279 94838
+91 87074 02419
+91 64195 86281
+91 87091 02926
+91 80795 48893
+91 61279 50158
+91 61279 39867
+91 71979 71391
+91 80772 75529
+91 71998 41307
+91 61279 78060
+91 61279 81941
+91 61205 05543
+91 61279 65181
+91 61279 77785
+91 80795 37944
+91 87083 32135
+91 83275 80902
+91 61279 62964
+91 79799 95727
+91 61279 89857
+91 87776 88907
+91 64188 95620
+91 61279 54736
+91 61279 29343
+91 80771 86017
+91 64186 76574
+91 79797 94731
+91 87096 01951
+91 61279 68449
+91 61279 77435
+91 67491 40856
+91 61279 33256
+91 788 734 8445
+91 61279 03351
+91 61630 79894
+91 61279 81572
+91 61279 79168
+91 71939 70390
+91 61279 53217
+91 61279 46201
+91 80545 71272
+91 80796 32188
+91 61208 56980
+91 61279 30007
+91 61279 98726
+91 73176 60155